  
       XFOIL         Version 6.99
  
 Calculated polar for: MORPHED_PROFILE                                 
  
 1 1 Reynolds number fixed          Mach number fixed         
  
 xtrf =   1.000 (top)        1.000 (bottom)  
 Mach =   0.035     Re =     0.160 e 6     Ncrit =   9.000  9.000
  
   alpha    CL        CD       CDp       CM     Top_Xtr  Bot_Xtr  Top_Itr  Bot_Itr
  ------ -------- --------- --------- -------- -------- -------- -------- --------
   0.000   0.7853   0.01923   0.01036  -0.1500   0.7952   1.0000  14.8279 160.0000
   0.500   0.8471   0.01859   0.00957  -0.1499   0.7808   1.0000  15.7033 160.0000
   1.000   0.9105   0.01784   0.00867  -0.1500   0.7658   1.0000  16.6158 160.0000
   1.500   0.9733   0.01707   0.00774  -0.1499   0.7490   1.0000  17.6404 160.0000
   2.000   1.0352   0.01634   0.00681  -0.1498   0.7299   1.0000  18.8061 160.0000
   2.500   1.0881   0.01595   0.00615  -0.1482   0.7048   1.0000  20.3743 160.0000
   3.000   1.1377   0.01569   0.00557  -0.1463   0.6754   1.0000  22.3463 160.0000
   3.500   1.1835   0.01558   0.00507  -0.1437   0.6396   1.0000  25.2655 160.0000
   4.000   1.2450   0.01538   0.00424  -0.1439   0.6114   1.0000  27.3580 160.0000
   4.500   1.2991   0.01613   0.00426  -0.1432   0.5798   1.0000  29.3811 160.0000
   5.000   1.3447   0.01709   0.00451  -0.1411   0.5473   1.0000  31.3538 160.0000
   5.500   1.3839   0.01802   0.00471  -0.1379   0.5149   1.0000  33.3006 160.0000
   6.000   1.4201   0.01893   0.00487  -0.1342   0.4846   1.0000  35.1211 160.0000
   6.500   1.4502   0.01986   0.00503  -0.1295   0.4540   1.0000  36.9611 160.0000
   7.000   1.4702   0.02085   0.00522  -0.1231   0.4221   1.0000  38.8883 160.0000
   7.500   1.4844   0.02212   0.00553  -0.1161   0.3866   1.0000  41.0663 160.0000
   8.000   1.4932   0.02388   0.00613  -0.1090   0.3425   1.0000  43.8413 160.0000
   8.500   1.4951   0.02649   0.00723  -0.1019   0.2846   1.0000  47.5312 160.0000
   9.000   1.4857   0.03044   0.00925  -0.0945   0.2132   1.0000  52.2001 160.0000
   9.500   1.4701   0.03551   0.01229  -0.0876   0.1485   1.0000  56.6142 160.0000
  10.000   1.4573   0.04085   0.01580  -0.0817   0.1137   1.0000  59.1448 160.0000
